1 0 0 
0 1 0 
0 0 1 
0.964511 0.0177443 0.0177443 
0.938532 0.0461011 0.015367 
0.920645 0.0198388 0.0595163 
0.906106 0.0821574 0.0117368 
0.893534 0.0399248 0.0665413 
0.882297 0.0735641 0.0441385 
0.872044 0.0159945 0.111962 
0.862553 0.128857 0.00859044 
0.853676 0.0640166 0.082307 
0.845308 0.10635 0.0483411 
0.83737 0.030493 0.132136 
0.829802 0.138286 0.0319121 
0.822557 0.0554511 0.121992 
0.815595 0.103728 0.080677 
0.808888 0.0119445 0.179168 
0.802407 0.191418 0.00617477 
0.796133 0.0955626 0.108304 
0.790046 0.150904 0.0590495 
0.784131 0.0472214 0.168648 
0.778373 0.186998 0.0346292 
0.772762 0.0781132 0.149125 
0.767285 0.138174 0.0945404 
0.761935 0.0223186 0.215747 
0.756702 0.220489 0.0228092 
0.751579 0.100921 0.1475 
0.74656 0.16632 0.0871199 
0.741639 0.040369 0.217992 
0.736809 0.205618 0.057573 
0.732066 0.0753563 0.192577 
0.727406 0.144815 0.127778 
0.722825 0.00866173 0.268514 
0.718317 0.277281 0.00440129 
0.713881 0.138589 0.14753 
0.709513 0.213327 0.0771607 
0.705209 0.0690917 0.225699 
0.700967 0.256981 0.0420515 
0.696785 0.108968 0.194247 
0.692659 0.187286 0.120055 
0.688588 0.0340607 0.277351 
0.68457 0.290787 0.024643 
0.680602 0.134746 0.184652 
0.676683 0.217229 0.106088 
0.672811 0.0562357 0.270954 
0.668984 0.263779 0.0672377 
0.665201 0.0993936 0.235406 
0.66146 0.185139 0.153401 
0.65776 0.0160425 0.326198 
0.654099 0.329687 0.0162141 
0.650477 0.158378 0.191145 
0.646892 0.248279 0.104829 
0.643343 0.0724459 0.284211 
0.639829 0.298266 0.0619043 
0.636349 0.119323 0.244328 
0.632902 0.212228 0.154869 
0.629487 0.0289463 0.341566 
0.626104 0.333001 0.0408949 
0.62275 0.147363 0.229887 
0.619426 0.243805 0.136769 
0.616131 0.0539815 0.329887 
0.612864 0.296401 0.0907349 
0.609625 0.103693 0.286682 
0.606412 0.202944 0.190644 
0.603225 0.00619962 0.390576 
0.600063 0.396813 0.00312451 
0.596926 0.198388 0.204686 
0.593814 0.301466 0.10472 
0.590725 0.0991214 0.310154 
0.587659 0.357577 0.0547641 
0.584616 0.152524 0.26286 
0.581595 0.258235 0.160171 
0.578595 0.0493834 0.372021 
0.575617 0.394543 0.0298394 
0.57266 0.183623 0.243717 
0.569723 0.292454 0.137823 
0.566806 0.0778396 0.355355 
0.563908 0.350918 0.0851742 
0.561029 0.133749 0.305222 
0.55817 0.245078 0.196753 
0.555328 0.024318 0.420354 
0.552505 0.430015 0.0174803 
0.549699 0.207561 0.24274 
0.546911 0.322118 0.130971 
0.54414 0.096158 0.359702 
0.541385 0.383373 0.0752415 
0.538647 0.154986 0.306367 
0.535925 0.271919 0.192156 
0.533219 0.040114 0.426667 
0.530529 0.42179 0.0476806 
0.527854 0.188121 0.284025 
0.525194 0.307882 0.166924 
0.522549 0.0708717 0.40658 
0.519918 0.371313 0.108769 
0.517302 0.131988 0.35071 
0.5147 0.254024 0.231276 
0.512111 0.0114349 0.476454 
0.509537 0.478968 0.0114952 
0.506976 0.234957 0.258067 
0.504428 0.360064 0.135508 
0.501893 0.112852 0.385255 
0.499371 0.426317 0.0743122 
0.496861 0.176885 0.326254 
0.494364 0.304172 0.201464 
0.49188 0.051606 0.456514 
0.489407 0.466714 0.0438791 
0.486946 0.212436 0.300617 
0.484497 0.342326 0.173177 
0.48206 0.0849746 0.432966 
0.479634 0.410601 0.109765 
0.477219 0.151116 0.371664 
0.474816 0.283107 0.242077 
0.472423 0.0206085 0.506969 
0.470041 0.500977 0.0289821 
0.46767 0.237053 0.295277 
0.465309 0.371777 0.162914 
0.462959 0.104891 0.43215 
0.460619 0.442461 0.09692 
0.458289 0.173517 0.368194 
0.455969 0.310268 0.233763 
0.453659 0.0384146 0.507927 
0.451358 0.484348 0.0642939 
0.449068 0.210904 0.340029 
0.446786 0.350081 0.203133 
0.444514 0.0737754 0.48171 
0.442252 0.422669 0.13508 
0.439998 0.144375 0.415626 
0.437754 0.285516 0.276731 
0.435518 0.00441001 0.560072 
0.433291 0.564495 0.00221371 
0.431073 0.282241 0.286686 
0.428864 0.426121 0.145015 
0.426663 0.141095 0.432242 
0.42447 0.50134 0.0741894 
0.422286 0.214386 0.363328 
0.42011 0.360166 0.219724 
0.417943 0.0704835 0.511574 
0.415783 0.545422 0.0387957 
0.413631 0.254246 0.332123 
0.411487 0.402304 0.186209 
0.409351 0.10844 0.48221 
0.407222 0.479316 0.113461 
0.405101 0.183582 0.411317 
0.402988 0.333487 0.263525 
0.400882 0.0351046 0.564013 
0.398784 0.58008 0.0211365 
0.396693 0.280444 0.322864 
0.394609 0.43276 0.172631 
0.392532 0.130511 0.476957 
0.390462 0.511917 0.0976213 
0.388399 0.207849 0.403752 
0.386343 0.361961 0.251695 
0.384295 0.0553173 0.560388 
0.382252 0.557421 0.0603269 
0.380217 0.249366 0.370417 
0.378188 0.405635 0.216177 
0.376166 0.0950372 0.528797 
0.37415 0.4865 0.139349 
0.372141 0.174133 0.453726 
0.370139 0.332153 0.297708 
0.368142 0.0172774 0.61458 
0.366152 0.621468 0.0123798 
0.364168 0.305497 0.330335 
0.36219 0.4659 0.17191 
0.360219 0.14745 0.492332 
0.358253 0.548994 0.0927524 
0.356294 0.228817 0.414889 
0.35434 0.390927 0.254733 
0.352393 0.0683024 0.579305 
0.350451 0.596266 0.0532833 
0.348515 0.272301 0.379185 
0.346584 0.436461 0.216954 
0.34466 0.110077 0.545264 
0.342741 0.521186 0.136073 
0.340827 0.193117 0.466056 
0.338919 0.358946 0.302135 
0.337017 0.0284876 0.634496 
0.33512 0.631117 0.0337634 
0.333228 0.299526 0.367245 
0.331342 0.467538 0.20112 
0.329461 0.133584 0.536955 
0.327586 0.554217 0.118198 
0.325715 0.218616 0.455669 
0.32385 0.388258 0.287892 
0.32199 0.0503211 0.627689 
0.320135 0.602849 0.077016 
0.318285 0.263632 0.418083 
0.31644 0.435236 0.248325 
0.3146 0.093707 0.591693 
0.312765 0.52348 0.163755 
0.310935 0.180341 0.508724 
0.309109 0.353542 0.337349 
0.307289 0.00811771 0.684594 
0.305473 0.686388 0.00813899 
0.303662 0.340009 0.356329 
0.301856 0.515427 0.182717 
0.300054 0.166784 0.533162 
0.298257 0.605802 0.0959414 
0.296464 0.255581 0.447954 
0.294677 0.432562 0.272762 
0.292893 0.0801019 0.627005 
0.291114 0.656273 0.0526126 
0.28934 0.302586 0.408074 
0.28757 0.481447 0.230983 
0.285804 0.125542 0.588654 
0.284043 0.573325 0.142632 
0.282286 0.215875 0.501839 
0.280533 0.396269 0.323198 
0.278785 0.0366242 0.684591 
0.277041 0.691895 0.0310647 
0.275301 0.33121 0.393489 
0.273565 0.513612 0.212823 
0.271833 0.150753 0.577413 
0.270106 0.607295 0.122599 
0.268382 0.24292 0.488698 
0.266663 0.426825 0.306512 
0.264947 0.0602973 0.674755 
0.263236 0.659058 0.0777056 
0.261529 0.29135 0.447121 
0.259825 0.477066 0.263109 
0.258125 0.107224 0.63465 
0.25643 0.572201 0.17137 
0.254738 0.200871 0.544391 
0.25305 0.388064 0.358886 
0.251366 0.0146218 0.734013 
0.249685 0.729798 0.0205164 
0.248009 0.355433 0.396558 
0.246336 0.54464 0.209024 
0.244666 0.16818 0.587154 
0.243001 0.641675 0.115324 
0.241339 0.263753 0.494908 
0.239681 0.45441 0.30591 
0.238026 0.0744115 0.687563 
0.236375 0.695018 0.068607 
0.234727 0.313881 0.451391 
0.233083 0.506285 0.260632 
0.231443 0.123089 0.645468 
0.229806 0.604723 0.165471 
0.228172 0.220091 0.551736 
0.226542 0.413921 0.359537 
0.224916 0.0272491 0.747835 
0.223292 0.731197 0.0455102 
0.221673 0.343559 0.434769 
0.220056 0.539258 0.240686 
0.218443 0.149595 0.631962 
0.216833 0.639382 0.143785 
0.215227 0.248307 0.536466 
0.213624 0.445409 0.340968 
0.212024 0.0523266 0.73565 
0.210427 0.693961 0.0956124 
0.208833 0.299778 0.491389 
0.207243 0.49857 0.294187 
0.205656 0.102396 0.691948 
0.204072 0.600055 0.195873 
0.202491 0.202492 0.595016 
0.200914 0.402665 0.396422 
0.199339 0.00312758 0.797533 
0.197768 0.800666 0.00156686 
0.196199 0.40033 0.40347 
0.194634 0.602452 0.202915 
0.193072 0.200156 0.606772 
0.191512 0.705848 0.10264 
0.189956 0.302184 0.50786 
0.188403 0.505663 0.305934 
0.186852 0.100055 0.713092 
0.185305 0.762185 0.0525096 
0.183761 0.355511 0.460729 
0.182219 0.560627 0.257154 
0.18068 0.152022 0.667297 
0.179145 0.665342 0.155514 
0.177612 0.25539 0.566998 
0.176082 0.461845 0.362073 
0.174555 0.0499781 0.775467 
0.17303 0.799512 0.027458 
0.171509 0.386737 0.441754 
0.16999 0.594949 0.235061 
0.168474 0.180272 0.651254 
0.166961 0.70125 0.131789 
0.16545 0.285247 0.549303 
0.163942 0.494776 0.341281 
0.162437 0.0768856 0.760677 
0.160935 0.758764 0.0803012 
0.159435 0.339838 0.500727 
0.157938 0.550958 0.291103 
0.156444 0.130158 0.713398 
0.154952 0.658543 0.186505 
0.153463 0.236435 0.610102 
0.151977 0.448856 0.399167 
0.150493 0.0248879 0.824619 
0.149012 0.83603 0.0149588 
0.147533 0.411249 0.441218 
0.146057 0.625447 0.228497 
0.144583 0.198818 0.656599 
0.143112 0.734714 0.122173 
0.141644 0.306795 0.551561 
0.140178 0.522275 0.337548 
0.138714 0.092521 0.768765 
0.137253 0.79366 0.0690872 
0.135794 0.362899 0.501307 
0.134338 0.579926 0.285736 
0.132885 0.147342 0.719774 
0.131433 0.690443 0.178124 
0.129985 0.256587 0.613429 
0.128538 0.474879 0.396583 
0.127094 0.0392126 0.833693 
0.125652 0.831655 0.0426928 
0.124213 0.39513 0.480656 
0.122776 0.615085 0.262139 
0.121342 0.176761 0.701897 
0.11991 0.727106 0.152984 
0.11848 0.287527 0.593993 
0.117052 0.50873 0.374218 
0.115627 0.0673644 0.817009 
0.114204 0.787182 0.098614 
0.112783 0.344836 0.542381 
0.111365 0.567546 0.321089 
0.109949 0.123425 0.766626 
0.108535 0.680787 0.210678 
0.107123 0.235427 0.65745 
0.105714 0.45937 0.434917 
0.104306 0.0122458 0.883448 
0.102901 0.888338 0.00876073 
0.101499 0.440476 0.458025 
0.100098 0.666138 0.233764 
0.0986995 0.216523 0.684777 
0.0973032 0.781044 0.121652 
0.0959091 0.330205 0.573886 
0.0945171 0.557084 0.348399 
0.0931273 0.104503 0.80237 
0.0917396 0.842624 0.065636 
0.090354 0.389087 0.520559 
0.0889705 0.617436 0.293594 
0.0875891 0.162167 0.750244 
0.0862098 0.733531 0.180259 
0.0848325 0.277053 0.638115 
0.0834574 0.506605 0.409938 
0.0820843 0.0484057 0.86951 
0.0807132 0.881582 0.0377051 
0.0793442 0.422567 0.498089 
0.0779773 0.6537 0.268323 
0.0766123 0.192974 0.730414 
0.0752494 0.771228 0.153523 
0.0738884 0.309307 0.616805 
0.0725295 0.541628 0.385842 
0.0711726 0.078007 0.85082 
0.0698176 0.833894 0.0962884 
0.0684646 0.369339 0.562196 
0.0671136 0.603096 0.32979 
0.0657645 0.136851 0.797385 
0.0644174 0.721787 0.213795 
0.0630722 0.254361 0.682567 
0.0617289 0.489294 0.448977 
0.0603876 0.020187 0.919425 
0.0590481 0.917061 0.0238914 
0.0577106 0.447219 0.49507 
0.056375 0.68376 0.259865 
0.0550412 0.212247 0.732712 
0.0537093 0.803977 0.142313 
0.0523794 0.331297 0.616324 
0.0510512 0.568999 0.37995 
0.049725 0.0946563 0.855619 
0.0484005 0.867963 0.0836367 
0.0470779 0.392708 0.560214 
0.0457572 0.631813 0.32243 
0.0444383 0.154906 0.800656 
0.0431212 0.753168 0.203711 
0.0418059 0.275107 0.683088 
0.0404924 0.515361 0.444147 
0.0391807 0.0356554 0.925164 
0.0378707 0.907634 0.0544956 
0.0365626 0.427149 0.536288 
0.0352563 0.668914 0.29583 
0.0339517 0.186795 0.779254 
0.0326488 0.791641 0.17571 
0.0313478 0.30838 0.660273 
0.0300484 0.551281 0.418671 
0.0287508 0.066394 0.904855 
0.027455 0.856675 0.11587 
0.0261608 0.370896 0.602943 
0.0248684 0.615171 0.359961 
0.0235777 0.127774 0.848648 
0.0222887 0.739012 0.238699 
0.0210014 0.250486 0.728513 
0.0197158 0.495886 0.484398 
0.0184318 0.00575138 0.975817 
0.0171496 0.977092 0.00575889 
0.015869 0.486299 0.497832 
0.0145901 0.733284 0.252126 
0.0133128 0.24089 0.745797 
0.0120372 0.858679 0.129284 
0.0107632 0.365167 0.624069 
0.00949088 0.613264 0.377245 
0.00822018 0.118161 0.873619 
0.00695111 0.925165 0.0678842 
0.00568366 0.429187 0.565129 
0.00441782 0.678629 0.316953 
0.00315359 0.181068 0.815779 
0.00189096 0.805115 0.192994 
0.000629921 0.306447 0.692923 
