1 0 0 
0 1 0 
0 0 1 
0.95897 0.0205152 0.0205152 
0.928933 0.0533002 0.0177667 
0.908253 0.0229367 0.0688102 
0.891444 0.0949869 0.0135696 
0.876909 0.0461593 0.0769322 
0.863917 0.0850517 0.051031 
0.852062 0.0184922 0.129445 
0.84109 0.148979 0.0099319 
0.830827 0.0740132 0.0951599 
0.821152 0.122958 0.0558899 
0.811975 0.0352548 0.152771 
0.803225 0.15988 0.0368954 
0.794848 0.0641102 0.141042 
0.786799 0.119925 0.0932753 
0.779044 0.0138097 0.207146 
0.771552 0.221309 0.007139 
0.764298 0.110485 0.125217 
0.75726 0.174469 0.0682705 
0.750421 0.0545954 0.194983 
0.743765 0.216199 0.0400368 
0.737277 0.0903112 0.172412 
0.730945 0.159751 0.109304 
0.724759 0.0258038 0.249437 
0.718709 0.25492 0.026371 
0.712787 0.11668 0.170533 
0.706984 0.192292 0.100724 
0.701293 0.0466729 0.252034 
0.69571 0.237727 0.0665635 
0.690227 0.0871238 0.22265 
0.684839 0.167429 0.147732 
0.679542 0.0100143 0.310444 
0.674331 0.320581 0.00508859 
0.669202 0.16023 0.170568 
0.664151 0.246639 0.0892099 
0.659175 0.0798808 0.260944 
0.654271 0.297111 0.0486182 
0.649435 0.125984 0.224581 
0.644665 0.216532 0.138803 
0.639959 0.0393795 0.320662 
0.635313 0.336196 0.0284912 
0.630726 0.155788 0.213487 
0.626194 0.251151 0.122655 
0.621718 0.0650173 0.313265 
0.617293 0.30497 0.0777374 
0.612919 0.114915 0.272166 
0.608594 0.21405 0.177356 
0.604316 0.0185477 0.377136 
0.600084 0.38117 0.0187461 
0.595896 0.183109 0.220994 
0.591752 0.28705 0.121199 
0.587649 0.0837589 0.328593 
0.583586 0.344843 0.0715712 
0.579563 0.137956 0.282481 
0.575577 0.245369 0.179053 
0.571629 0.0334665 0.394904 
0.567717 0.385002 0.047281 
0.56384 0.170375 0.265785 
0.559997 0.281877 0.158126 
0.556187 0.0624112 0.381402 
0.55241 0.342686 0.104904 
0.548665 0.119886 0.331449 
0.54495 0.234635 0.220415 
0.541265 0.00716773 0.451567 
0.53761 0.458778 0.00361242 
0.533983 0.229368 0.236649 
0.530384 0.348543 0.121073 
0.526813 0.1146 0.358587 
0.523269 0.413415 0.0633159 
0.51975 0.176342 0.303908 
0.516258 0.29856 0.185183 
0.51279 0.0570949 0.430115 
0.509347 0.456154 0.0344991 
0.505927 0.212297 0.281776 
0.502532 0.338123 0.159345 
0.499159 0.0899949 0.410846 
0.495809 0.405716 0.0984748 
0.492481 0.154635 0.352884 
0.489174 0.283349 0.227477 
0.485889 0.0281154 0.485995 
0.482625 0.497165 0.02021 
0.479381 0.239973 0.280646 
0.476158 0.372419 0.151423 
0.472954 0.111174 0.415872 
0.469769 0.44324 0.086991 
0.466604 0.179188 0.354209 
0.463457 0.314381 0.222162 
0.460328 0.0463781 0.493294 
0.457218 0.487656 0.0551263 
0.454125 0.217497 0.328378 
0.451049 0.35596 0.19299 
0.447991 0.0819388 0.47007 
0.44495 0.429297 0.125754 
0.441925 0.152599 0.405476 
0.438916 0.293692 0.267391 
0.435924 0.0132205 0.550856 
0.432947 0.553762 0.0132903 
0.429986 0.271647 0.298367 
0.42704 0.416291 0.156669 
0.42411 0.130475 0.445415 
0.421194 0.49289 0.0859166 
0.418292 0.204507 0.377201 
0.415405 0.35167 0.232924 
0.412533 0.0596646 0.527803 
0.409674 0.539595 0.0507311 
0.406829 0.24561 0.347561 
0.403998 0.395783 0.20022 
0.40118 0.098244 0.500576 
0.398375 0.47472 0.126905 
0.395583 0.174714 0.429703 
0.392804 0.327317 0.279879 
0.390038 0.0238266 0.586136 
0.387284 0.579208 0.0335079 
0.384543 0.274071 0.341387 
0.381813 0.429833 0.188354 
0.379096 0.12127 0.499634 
0.37639 0.511555 0.112055 
0.373697 0.200613 0.425691 
0.371014 0.358718 0.270267 
0.368344 0.0444133 0.587243 
0.365684 0.559982 0.0743339 
0.363035 0.243838 0.393127 
0.360398 0.404748 0.234854 
0.357771 0.085296 0.556933 
0.355155 0.488672 0.156173 
0.35255 0.166921 0.48053 
0.349955 0.330101 0.319944 
0.34737 0.00509867 0.647531 
0.344796 0.652645 0.00255939 
0.342231 0.326315 0.331454 
0.339677 0.492663 0.16766 
0.337132 0.163128 0.49974 
0.334597 0.579628 0.0857746 
0.332072 0.247864 0.420064 
0.329556 0.416408 0.254035 
0.32705 0.0814901 0.59146 
0.324553 0.630593 0.0448539 
0.322065 0.293948 0.383987 
0.319586 0.465127 0.215287 
0.317116 0.125373 0.55751 
0.314656 0.554165 0.131179 
0.312204 0.21225 0.475547 
0.30976 0.385564 0.304676 
0.307325 0.0405864 0.652088 
0.304899 0.670664 0.0244371 
0.302482 0.324237 0.373281 
0.300072 0.500339 0.199589 
0.297671 0.150891 0.551438 
0.295278 0.591856 0.112866 
0.292893 0.240306 0.466801 
0.290516 0.418484 0.290999 
0.288147 0.0639555 0.647897 
0.285786 0.644466 0.0697474 
0.283433 0.288306 0.428261 
0.281088 0.468978 0.249934 
0.27875 0.109878 0.611372 
0.276419 0.562471 0.16111 
0.274096 0.201325 0.524579 
0.271781 0.384022 0.344197 
0.269473 0.0199754 0.710552 
0.267172 0.718515 0.014313 
0.264878 0.353203 0.381919 
0.262592 0.538654 0.198755 
0.260312 0.170475 0.569213 
0.25804 0.634724 0.107236 
0.255774 0.264549 0.479677 
0.253516 0.451973 0.294511 
0.251264 0.0789683 0.669768 
0.249019 0.689377 0.0616039 
0.24678 0.314822 0.438397 
0.244548 0.504618 0.250834 
0.242323 0.127266 0.630411 
0.240105 0.602573 0.157322 
0.237892 0.223274 0.538834 
0.235687 0.414998 0.349315 
0.233487 0.0329361 0.733577 
0.231294 0.72967 0.0390359 
0.229107 0.3463 0.424593 
0.226926 0.540548 0.232526 
0.224752 0.154444 0.620804 
0.222583 0.640762 0.136655 
0.220421 0.252754 0.526825 
0.218264 0.448887 0.332849 
0.216113 0.0581791 0.725707 
0.213969 0.696989 0.0890426 
0.21183 0.3048 0.48337 
0.209697 0.503201 0.287102 
0.207569 0.10834 0.68409 
0.205448 0.605225 0.189327 
0.203332 0.208503 0.588165 
0.201221 0.40875 0.390029 
0.199117 0.00938535 0.791498 
0.197017 0.793573 0.00940995 
0.194924 0.393104 0.411973 
0.192835 0.595915 0.21125 
0.190752 0.192829 0.616419 
0.188674 0.700402 0.110923 
0.186602 0.295492 0.517906 
0.184535 0.500109 0.315356 
0.182473 0.0926105 0.724916 
0.180416 0.758755 0.0608285 
0.178365 0.349837 0.471798 
0.176319 0.556628 0.267053 
0.174277 0.145147 0.680576 
0.172241 0.662854 0.164905 
0.17021 0.249585 0.580205 
0.168183 0.458149 0.373668 
0.166162 0.0423433 0.791495 
0.164145 0.799939 0.0359156 
0.162134 0.382931 0.454935 
0.160127 0.593817 0.246057 
0.158125 0.174295 0.667581 
0.156127 0.702128 0.141744 
0.154135 0.280854 0.565012 
0.152147 0.493477 0.354376 
0.150163 0.0697132 0.780123 
0.148185 0.761975 0.0898399 
0.146211 0.336847 0.516943 
0.144241 0.551563 0.304196 
0.142276 0.123968 0.733756 
0.140316 0.661554 0.19813 
0.13836 0.232239 0.629401 
0.136408 0.448663 0.414929 
0.134461 0.0169051 0.848634 
0.132518 0.843762 0.0237202 
0.130579 0.410937 0.458484 
0.128645 0.62969 0.241665 
0.126715 0.194442 0.678842 
0.12479 0.741878 0.133333 
0.122868 0.30494 0.572191 
0.120951 0.525369 0.35368 
0.119038 0.0860315 0.794931 
0.117129 0.803551 0.0793204 
0.115224 0.362896 0.521879 
0.113323 0.585345 0.301331 
0.111427 0.142311 0.746263 
0.109534 0.699155 0.191311 
0.107646 0.25446 0.637894 
0.105761 0.478558 0.415681 
0.10388 0.0315042 0.864615 
0.102004 0.845379 0.052617 
0.100131 0.397208 0.502661 
0.0982621 0.623467 0.278271 
0.096397 0.172955 0.730648 
0.0945359 0.739227 0.166238 
0.0926785 0.287082 0.620239 
0.0908249 0.514962 0.394213 
0.0889751 0.0604977 0.850527 
0.0871291 0.802328 0.110543 
0.0852867 0.346591 0.568123 
0.0834481 0.576425 0.340127 
0.0816132 0.118386 0.800001 
0.0797819 0.693758 0.22646 
0.0779543 0.234113 0.687933 
0.0761302 0.465544 0.458326 
0.0743098 0.00361598 0.922074 
0.0724929 0.925696 0.00181154 
0.0706796 0.462845 0.466475 
0.0688698 0.696529 0.234601 
0.0670636 0.231412 0.701524 
0.0652608 0.816071 0.118668 
0.0634615 0.349373 0.587166 
0.0616656 0.584626 0.353708 
0.0598732 0.11568 0.824447 
0.0580842 0.881206 0.0607094 
0.0562986 0.411026 0.532675 
0.0545163 0.648173 0.29731 
0.0527374 0.175762 0.771501 
0.0509619 0.76924 0.179798 
0.0491896 0.295271 0.655539 
0.0474207 0.533965 0.418614 
0.045655 0.0577826 0.896562 
0.0438926 0.924362 0.0317458 
0.0421334 0.447129 0.510737 
0.0403775 0.687854 0.271768 
0.0386247 0.208423 0.752952 
0.0368752 0.810755 0.152369 
0.0351288 0.32979 0.635081 
0.0333856 0.572039 0.394575 
0.0316455 0.0888919 0.879463 
0.0299085 0.877251 0.0928408 
0.0281747 0.392906 0.578919 
0.0264439 0.636995 0.336561 
0.0247162 0.150483 0.824801 
0.0229916 0.76138 0.215629 
0.02127 0.273356 0.705374 
0.0195514 0.518948 0.4615 
0.0178358 0.0287743 0.95339 
0.0161232 0.966582 0.0172947 
0.0144136 0.475468 0.510118 
0.012707 0.723115 0.264178 
0.0110033 0.229864 0.759132 
0.00930253 0.849446 0.141252 
0.00760467 0.354704 0.637692 
0.00590972 0.603832 0.390258 
0.00421765 0.106969 0.888814 
0.00252845 0.917596 0.0798757 
0.000842105 0.419568 0.57959 
